---------REPLACE---------------------

[POLYLINE]
Type=0x1d
Label=TMA Siauliai 1500FT - FL95
Data0=(56.33822,23.84451),(55.69572,24.09842),(55.46413,23.81252),(55.41916,23.12485),(55.93609,22.66606),(56.32070,23.04572)

[END]

PALANGA 1000MSL -> 800MSL
KAUNAS 1500MSL->1200MSL

------------------------------------

[POLYLINE]
Type=0x27
Label=PG1 BAGUZISKIAI
Data0=(55.14639,24.86822),(55.15277,24.86601),(55.15817,24.85971),(55.16179,24.85029),(55.16306,24.83917),(55.16179,24.82805),(55.15817,24.81862),(55.15277,24.81232),(55.14639,24.81011),(55.14001,24.81232),(55.13460,24.81862),(55.13099,24.82805),(55.12972,24.83917),(55.13099,24.85029),(55.13460,24.85971),(55.14001,24.86601),(55.14639,24.86822)
[END]

[POLYLINE]
Type=0x27
Label=PG2 BALNINKAI
Data0=(55.27167,25.13684),(55.27804,25.13462),(55.28345,25.12832),(55.28706,25.11890),(55.28833,25.10778),(55.28706,25.09666),(55.28345,25.08723),(55.27804,25.08093),(55.27167,25.07872),(55.26529,25.08093),(55.25988,25.08723),(55.25627,25.09666),(55.25500,25.10778),(55.25627,25.11890),(55.25988,25.12832),(55.26529,25.13462),(55.27167,25.13684)
[END]

[POLYLINE]
Type=0x27
Label=PG3 BIRSTONAS
Data0=(54.59194,24.09767),(54.59832,24.09546),(54.60373,24.08916),(54.60734,24.07973),(54.60861,24.06861),(54.60734,24.05749),(54.60373,24.04806),(54.59832,24.04177),(54.59194,24.03955),(54.58557,24.04177),(54.58016,24.04806),(54.57655,24.05749),(54.57528,24.06861),(54.57655,24.07973),(54.58016,24.08916),(54.58557,24.09546),(54.59194,24.09767)
[END]

[POLYLINE]
Type=0x27
Label=PG4 DIJOKISKIAI
Data0=(55.08444,24.26461),(55.09082,24.26240),(55.09623,24.25610),(55.09984,24.24668),(55.10111,24.23556),(55.09984,24.22444),(55.09623,24.21501),(55.09082,24.20871),(55.08444,24.20650),(55.07807,24.20871),(55.07266,24.21501),(55.06905,24.22444),(55.06778,24.23556),(55.06905,24.24668),(55.07266,24.25610),(55.07807,24.26240),(55.08444,24.26461)
[END]

[POLYLINE]
Type=0x27
Label=PG5 DYSNAI
Data0=(55.49306,26.43617),(55.50581,26.43175),(55.51663,26.41915),(55.52385,26.40030),(55.52639,26.37806),(55.52385,26.35582),(55.51663,26.33696),(55.50581,26.32436),(55.49306,26.31994),(55.48030,26.32436),(55.46949,26.33696),(55.46226,26.35582),(55.45972,26.37806),(55.46226,26.40030),(55.46949,26.41915),(55.48030,26.43175),(55.49306,26.43617)
[END]

[POLYLINE]
Type=0x27
Label=PG6 GALVE
Data0=(54.65278,24.99200),(54.66553,24.98758),(54.67635,24.97498),(54.68357,24.95613),(54.68611,24.93389),(54.68357,24.91165),(54.67635,24.89280),(54.66553,24.88020),(54.65278,24.87577),(54.64002,24.88020),(54.62921,24.89280),(54.62198,24.91165),(54.61944,24.93389),(54.62198,24.95613),(54.62921,24.97498),(54.64002,24.98758),(54.65278,24.99200)
[END]

[POLYLINE]
Type=0x27
Label=PG7 JOSVAINIAI
Data0=(55.26111,23.87156),(55.26749,23.86935),(55.27290,23.86305),(55.27651,23.85362),(55.27778,23.84250),(55.27651,23.83138),(55.27290,23.82195),(55.26749,23.81565),(55.26111,23.81344),(55.25473,23.81565),(55.24933,23.82195),(55.24571,23.83138),(55.24444,23.84250),(55.24571,23.85362),(55.24933,23.86305),(55.25473,23.86935),(55.26111,23.87156)
[END]

[POLYLINE]
Type=0x27
Label=PG8 KETURVALAKIAI
Data0=(54.54667,23.16184),(54.55304,23.15962),(54.55845,23.15332),(54.56206,23.14390),(54.56333,23.13278),(54.56206,23.12166),(54.55845,23.11223),(54.55304,23.10593),(54.54667,23.10372),(54.54029,23.10593),(54.53488,23.11223),(54.53127,23.12166),(54.53000,23.13278),(54.53127,23.14390),(54.53488,23.15332),(54.54029,23.15962),(54.54667,23.16184)
[END]

[POLYLINE]
Type=0x27
Label=PG9 KLABINIAI
Data0=(55.36222,25.27606),(55.38136,25.26943),(55.39758,25.25053),(55.40842,25.22225),(55.41222,25.18889),(55.40842,25.15553),(55.39758,25.12725),(55.38136,25.10835),(55.36222,25.10172),(55.34309,25.10835),(55.32687,25.12725),(55.31603,25.15553),(55.31222,25.18889),(55.31603,25.22225),(55.32687,25.25053),(55.34309,25.26943),(55.36222,25.27606)
[END]

[POLYLINE]
Type=0x27
Label=PG10 LEONPOLIS
Data0=(55.20472,24.71128),(55.21110,24.70907),(55.21651,24.70277),(55.22012,24.69334),(55.22139,24.68222),(55.22012,24.67110),(55.21651,24.66168),(55.21110,24.65538),(55.20472,24.65316),(55.19834,24.65538),(55.19294,24.66168),(55.18932,24.67110),(55.18806,24.68222),(55.18932,24.69334),(55.19294,24.70277),(55.19834,24.70907),(55.20472,24.71128)
[END]

[POLYLINE]
Type=0x27
Label=PG11 PALUSE
Data0=(55.32694,26.15617),(55.33970,26.15175),(55.35051,26.13915),(55.35774,26.12030),(55.36028,26.09806),(55.35774,26.07582),(55.35051,26.05696),(55.33970,26.04436),(55.32694,26.03994),(55.31419,26.04436),(55.30337,26.05696),(55.29615,26.07582),(55.29361,26.09806),(55.29615,26.12030),(55.30337,26.13915),(55.31419,26.15175),(55.32694,26.15617)
[END]

[POLYLINE]
Type=0x27
Label=PG12 SALOS
Data0=(55.81194,25.45551),(55.83108,25.44887),(55.84730,25.42997),(55.85814,25.40169),(55.86194,25.36833),(55.85814,25.33497),(55.84730,25.30669),(55.83108,25.28780),(55.81194,25.28116),(55.79281,25.28780),(55.77659,25.30669),(55.76575,25.33497),(55.76194,25.36833),(55.76575,25.40169),(55.77659,25.42997),(55.79281,25.44887),(55.81194,25.45551)
[END]

[POLYLINE]
Type=0x27
Label=PG13 SARAKISKIAI
Data0=(55.26306,22.82339),(55.27581,22.81897),(55.28663,22.80637),(55.29385,22.78752),(55.29639,22.76528),(55.29385,22.74304),(55.28663,22.72418),(55.27581,22.71159),(55.26306,22.70716),(55.25030,22.71159),(55.23949,22.72418),(55.23226,22.74304),(55.22972,22.76528),(55.23226,22.78752),(55.23949,22.80637),(55.25030,22.81897),(55.26306,22.82339)
[END]

[POLYLINE]
Type=0x27
Label=PG14 SENIEJI TRAKAI
Data0=(54.59556,25.03017),(54.60193,25.02796),(54.60734,25.02166),(54.61095,25.01223),(54.61222,25.00111),(54.61095,24.98999),(54.60734,24.98056),(54.60193,24.97427),(54.59556,24.97205),(54.58918,24.97427),(54.58377,24.98056),(54.58016,24.98999),(54.57889,25.00111),(54.58016,25.01223),(54.58377,25.02166),(54.58918,25.02796),(54.59556,25.03017)
[END]

[POLYLINE]
Type=0x27
Label=PG15 SODELISKIAI
Data0=(55.61972,24.46295),(55.62610,24.46073),(55.63151,24.45444),(55.63512,24.44501),(55.63639,24.43389),(55.63512,24.42277),(55.63151,24.41334),(55.62610,24.40704),(55.61972,24.40483),(55.61334,24.40704),(55.60794,24.41334),(55.60432,24.42277),(55.60306,24.43389),(55.60432,24.44501),(55.60794,24.45444),(55.61334,24.46073),(55.61972,24.46295)
[END]

[POLYLINE]
Type=0x27
Label=PG16 STETISKIAI
Data0=(55.68694,24.36434),(55.69332,24.36212),(55.69873,24.35582),(55.70234,24.34640),(55.70361,24.33528),(55.70234,24.32416),(55.69873,24.31473),(55.69332,24.30843),(55.68694,24.30622),(55.68057,24.30843),(55.67516,24.31473),(55.67155,24.32416),(55.67028,24.33528),(55.67155,24.34640),(55.67516,24.35582),(55.68057,24.36212),(55.68694,24.36434)
[END]

[POLYLINE]
Type=0x27
Label=PG17 TISKUNAI
Data0=(55.37500,24.10367),(55.38776,24.09925),(55.39857,24.08665),(55.40580,24.06780),(55.40833,24.04556),(55.40580,24.02332),(55.39857,24.00446),(55.38776,23.99186),(55.37500,23.98744),(55.36224,23.99186),(55.35143,24.00446),(55.34420,24.02332),(55.34167,24.04556),(55.34420,24.06780),(55.35143,24.08665),(55.36224,24.09925),(55.37500,24.10367)
[END]

[POLYLINE]
Type=0x27
Label=PG18 URNEZIAI
Data0=(55.13722,23.89378),(55.14360,23.89157),(55.14901,23.88527),(55.15262,23.87584),(55.15389,23.86472),(55.15262,23.85360),(55.14901,23.84418),(55.14360,23.83788),(55.13722,23.83566),(55.13084,23.83788),(55.12544,23.84418),(55.12182,23.85360),(55.12056,23.86472),(55.12182,23.87584),(55.12544,23.88527),(55.13084,23.89157),(55.13722,23.89378)
[END]

[POLYLINE]
Type=0x27
Label=PG19 VABALNINKAS
Data0=(55.95167,24.79545),(55.95804,24.79323),(55.96345,24.78694),(55.96706,24.77751),(55.96833,24.76639),(55.96706,24.75527),(55.96345,24.74584),(55.95804,24.73954),(55.95167,24.73733),(55.94529,24.73954),(55.93988,24.74584),(55.93627,24.75527),(55.93500,24.76639),(55.93627,24.77751),(55.93988,24.78694),(55.94529,24.79323),(55.95167,24.79545)
[END]

[POLYLINE]
Type=0x27
Label=PG20 VALKININKAI
Data0=(54.37528,24.89645),(54.38803,24.89202),(54.39885,24.87943),(54.40607,24.86057),(54.40861,24.83833),(54.40607,24.81609),(54.39885,24.79724),(54.38803,24.78464),(54.37528,24.78022),(54.36252,24.78464),(54.35171,24.79724),(54.34448,24.81609),(54.34194,24.83833),(54.34448,24.86057),(54.35171,24.87943),(54.36252,24.89202),(54.37528,24.89645)
[END]

[POLYLINE]
Type=0x27
Label=PG21 ZEIMIAI
Data0=(55.19278,24.22184),(55.19916,24.21962),(55.20456,24.21332),(55.20818,24.20390),(55.20944,24.19278),(55.20818,24.18166),(55.20456,24.17223),(55.19916,24.16593),(55.19278,24.16372),(55.18640,24.16593),(55.18099,24.17223),(55.17738,24.18166),(55.17611,24.19278),(55.17738,24.20390),(55.18099,24.21332),(55.18640,24.21962),(55.19278,24.22184)
[END]

[POLYLINE]
Type=0x27
Label=PG22 BACKININKAI
Data0=(54.72750,24.03211),(54.73388,24.02990),(54.73929,24.02360),(54.74290,24.01418),(54.74417,24.00306),(54.74290,23.99194),(54.73929,23.98251),(54.73388,23.97621),(54.72750,23.97400),(54.72112,23.97621),(54.71571,23.98251),(54.71210,23.99194),(54.71083,24.00306),(54.71210,24.01418),(54.71571,24.02360),(54.72112,24.02990),(54.72750,24.03211)
[END]

[POLYLINE]
Type=0x27
Label=EYP23 LINKAICIAI GND - 1000MSL
Data0=(55.77194,23.67339),(55.78470,23.66897),(55.79551,23.65637),(55.80274,23.63752),(55.80528,23.61528),(55.80274,23.59304),(55.79551,23.57418),(55.78470,23.56159),(55.77194,23.55716),(55.75919,23.56159),(55.74837,23.57418),(55.74115,23.59304),(55.73861,23.61528),(55.74115,23.63752),(55.74837,23.65637),(55.75919,23.66897),(55.77194,23.67339)
[END]

[POLYLINE]
Type=0x27
Label=EYP24 KAIRIAI GND - 1500MSL
Data0=(55.61472,21.26356),(55.62556,21.25980),(55.63476,21.24910),(55.64090,21.23307),(55.64306,21.21417),(55.64090,21.19526),(55.63476,21.17924),(55.62556,21.16853),(55.61472,21.16477),(55.60388,21.16853),(55.59469,21.17924),(55.58855,21.19526),(55.58639,21.21417),(55.58855,21.23307),(55.59469,21.24910),(55.60388,21.25980),(55.61472,21.26356)
[END]

